FPR_at_TPR_0_90: 0.748054054054054
FPR_at_TPR_0_95: 0.8955675675675676
average_precision: 0.6542573127462169
fn: 40659
fp: 9851
fp_per_day: null
ground_truth_col: label
precision: 0.32174332139906364
precision_at_10: 1.0
precision_at_100: 0.88
precision_at_50: 0.9
precision_at_N_anom: 0.6720859437042266
prediction_col: is_anomaly
predictions_file: artifacts/predictions.csv
recall: 0.10308391423277155
roc_auc: 0.6533551998349714
timestamp: '2025-12-15T03:15:17.429019'
tn: 27149
tp: 4673
